484848485252484848484848484848525248484848
484848524848524848484848484852484852484848
484848524949524848484848484852494952484848
484848485252484848484848484848525248484848
484848484848484848484848484848484848484848
484848484848484848485252484848484848484848
484848484848484848484848484848484848484848
484848484949484848484848484848494948484848
484848484849504848484848484850494848484848
484848484848505148484848485051484848484848
484848484848485152524852525148484848484848
484848484848484848525252484848484848484848
